255
255
255
255
255
255
255
255
255
255
255
255
255
255
255
255
255
255
255
255
255
255
255
255
255
255
255
255
255
255
255
255
255
255
255
255
255
255
255
255
255
255
255
255
255
255
255
255
255
255
255
255
255
255
255
255
255
255
255
255
255
255
255
255
255
255
255
255
255
255
255
255
255
255
255
255
255
255
255
255
255
255
255
255
255
255
255
255
255
255
255
255
255
255
255
255
255
255
255
255
255
255
255
255
255
255
255
255
255
255
255
255
255
255
255
255
255
255
255
255
255
252
188
194
238
255
255
255
255
255
255
255
255
255
255
255
255
255
255
255
255
255
255
255
255
255
255
255
255
88
25
28
51
96
118
123
121
114
118
246
255
255
255
255
255
255
255
255
255
255
255
255
255
255
255
255
246
2
0
9
0
0
0
0
0
0
0
110
255
255
255
255
255
255
255
255
255
255
255
255
255
255
255
255
175
0
14
145
107
87
70
64
62
68
75
177
255
255
255
255
255
255
255
255
255
255
255
255
255
255
255
255
144
0
39
209
255
243
232
228
227
231
235
254
255
255
255
255
255
255
255
255
255
255
255
255
255
255
255
255
164
0
54
221
255
255
255
255
255
255
255
255
255
255
255
255
255
255
255
255
255
255
255
255
255
255
255
255
147
0
45
214
255
255
255
255
255
255
255
255
255
255
255
255
255
255
255
255
255
255
255
255
255
255
255
255
114
0
50
218
255
255
255
255
255
255
255
255
255
255
255
255
255
255
255
255
255
255
255
255
255
255
255
255
76
0
0
2
3
2
2
4
78
246
255
255
255
255
255
255
255
255
255
255
255
255
255
255
255
255
255
241
60
0
0
0
0
0
0
0
1
104
250
255
255
255
255
255
255
255
255
255
255
255
255
255
255
255
255
254
187
135
168
168
168
168
168
161
0
8
198
255
255
255
255
255
255
255
255
255
255
255
255
255
255
255
255
255
255
254
255
255
255
255
255
255
90
0
37
255
255
255
255
255
255
255
255
255
255
255
255
255
255
255
255
255
255
255
255
255
255
255
255
255
172
0
15
252
255
255
255
255
255
255
255
255
255
255
255
255
255
255
255
254
252
255
255
255
255
255
255
255
177
0
0
243
255
255
255
255
255
255
255
255
255
255
255
255
255
255
253
146
20
212
255
255
255
255
255
255
183
6
3
251
255
255
255
255
255
255
255
255
255
255
255
255
255
255
243
69
1
8
184
251
255
255
255
254
169
0
0
244
255
255
255
255
255
255
255
255
255
255
255
255
255
255
253
189
43
0
31
145
202
190
169
123
61
0
3
244
255
255
255
255
255
255
255
255
255
255
255
255
255
255
255
254
221
21
0
7
15
13
10
3
0
4
148
255
255
255
255
255
255
255
255
255
255
255
255
255
255
255
255
255
255
236
82
32
23
22
34
46
101
203
254
255
255
255
255
255
255
255
255
255
255
255
255
255
255
255
255
255
255
255
241
203
185
184
207
230
255
255
255
255
255
255
255
255
255
255
255
255
255
255
255
255
255
255
255
255
255
255
255
255
255
255
255
255
255
255
255
255
255
255
255
255
255
255
255
255
255
255
255
255
255
255
255
255
255
255
255
255
255
255
255
255
255
255
255
255
255
255
255
255
255
255
255
255
255
255
255
255
255
255
255
255
255
255
255
255
255
255
255
255
255
255
255
255
255
255
255
255
255
255
255
255
255
255
255
255
255
255
255
255
255
255
255
255
255
255
255
255
255
255
255
255
255
255
255
255
255
255
255
255
255
255
255
255
255
255
255
255
255
255
255
255
255
255
255
255
255
255
255
255
255
255
255
255
255
255
255
255
255
255
255
255
255
255
255
255
255
255
255
255
255
255
255
255
255
255
255
255
255
255
255
255
255
255
255
255
255
255
255
255
255
255
255
255
255
255
255
255
255
255
255
255
255
255
255
255
255
255
255
255
255
255
255
255
255
255
255
255
255
255
255
255
255
255
254
249
248
251
255
255
255
255
255
255
255
255
255
255
255
255
255
255
255
255
255
255
255
255
255
255
255
220
144
115
107
123
142
146
159
229
255
255
255
255
255
255
255
255
255
255
255
255
255
255
255
255
255
255
254
51
3
0
0
0
2
3
12
171
255
255
255
255
255
255
255
255
255
255
255
255
255
255
255
255
255
255
207
0
1
19
44
21
20
0
1
160
255
255
255
255
255
255
255
255
255
255
255
255
255
255
255
255
255
255
162
0
19
191
255
251
242
5
0
159
255
255
255
255
255
255
255
255
255
255
255
255
255
255
255
255
255
255
110
0
55
223
255
255
254
5
0
159
255
255
255
255
255
255
255
255
255
255
255
255
255
255
255
255
255
255
105
0
36
203
255
255
254
5
0
158
255
255
255
255
255
255
255
255
255
255
255
255
255
255
255
255
255
255
169
9
0
59
163
198
251
5
1
160
255
255
255
255
255
255
255
255
255
255
255
255
255
255
255
255
255
255
253
173
10
0
2
33
81
2
6
166
255
255
255
255
255
255
255
255
255
255
255
255
255
255
255
255
255
255
255
255
184
24
1
0
0
0
74
248
255
255
255
255
255
255
255
255
255
255
255
255
255
255
255
255
255
255
255
255
251
192
63
0
0
0
171
255
255
255
255
255
255
255
255
255
255
255
255
255
255
255
255
255
255
255
252
97
82
24
0
0
0
0
97
246
255
255
255
255
255
255
255
255
255
255
255
255
255
255
255
255
255
235
63
0
0
0
3
64
68
0
9
170
255
255
255
255
255
255
255
255
255
255
255
255
255
255
255
255
255
161
7
3
63
92
249
255
171
2
17
180
255
255
255
255
255
255
255
255
255
255
255
255
255
255
255
255
255
160
6
4
131
241
255
233
72
0
65
239
255
255
255
255
255
255
255
255
255
255
255
255
255
255
255
255
255
195
29
0
5
57
117
79
3
0
95
255
255
255
255
255
255
255
255
255
255
255
255
255
255
255
255
255
255
255
148
57
9
0
0
0
3
69
254
255
255
255
255
255
255
255
255
255
255
255
255
255
255
255
255
255
255
255
255
238
152
90
66
70
130
239
255
255
255
255
255
255
255
255
255
255
255
255
255
255
255
255
255
255
255
255
255
255
253
246
242
243
251
255
255
255
255
255
255
255
255
255
255
255
255
255
255
255
255
255
255
255
255
255
255
255
255
255
255
255
255
255
255
255
255
255
255
255
255
255
255
255
255
255
255
255
255
255
255
255
255
255
255
255
255
255
255
255
255
255
255
255
255
255
255
255
255
255
255
255
255
255
255
255
255
255
255
255
255
255
255
255
255
255
255
255
255
255
255
255
255
255
255
255
255
255
255
255
255
255
255
255
255
255
255
255
255
255
255
255
255
255
255
255
255
255
255
255
255
255
255
255
255
255
255
255
255
255
255
255
255
255
255
255
255
255
255
255
255
255
255
255
255
255
255
255
255
255
255
255
255
255
255
255
255
255
255
255
255
255
255
255
255
255
255
255
255
255
255
255
255
255
255
255
255
255
255
255
255
255
255
255
255
255
