255
255
255
255
255
255
255
255
255
255
255
255
255
255
255
255
255
255
255
255
255
255
255
255
255
255
255
255
255
255
255
255
255
255
255
255
255
255
255
255
255
255
255
255
255
255
255
255
255
255
255
255
255
255
255
255
255
255
255
255
255
255
255
255
255
255
255
255
255
255
255
255
255
255
255
255
255
255
255
255
255
255
255
255
255
255
255
255
255
255
255
255
255
255
255
238
224
237
255
255
255
255
255
255
255
255
255
255
255
255
255
255
255
255
255
255
255
255
255
255
255
250
173
70
0
71
227
255
255
255
255
255
255
255
255
255
255
255
255
255
255
255
255
255
255
255
255
255
250
80
16
3
0
6
166
255
255
255
255
255
255
255
255
255
255
255
255
255
255
255
255
255
255
255
255
243
80
0
5
17
13
0
22
246
255
255
255
255
255
255
255
255
255
255
255
255
255
255
255
255
255
255
255
165
10
3
117
221
195
33
0
136
255
255
255
255
255
255
255
255
255
255
255
255
255
255
255
255
255
255
246
92
1
13
239
255
254
144
1
20
240
255
255
255
255
255
255
255
255
255
255
255
255
255
255
255
255
255
233
17
0
187
255
255
255
217
48
0
121
254
255
255
255
255
255
255
255
255
255
255
255
255
255
255
255
255
147
0
20
246
255
255
255
253
96
0
59
232
255
255
255
255
255
255
255
255
255
255
255
255
255
255
255
255
48
0
118
255
255
255
255
255
127
1
43
213
255
255
255
255
255
255
255
255
255
255
255
255
255
255
255
255
5
0
173
255
255
255
255
255
131
1
44
213
255
255
255
255
255
255
255
255
255
255
255
255
255
255
255
255
2
0
178
255
255
255
255
255
129
1
43
213
255
255
255
255
255
255
255
255
255
255
255
255
255
255
255
255
12
1
184
255
255
255
255
255
113
1
50
222
255
255
255
255
255
255
255
255
255
255
255
255
255
255
255
255
4
0
179
255
255
255
255
255
87
0
71
247
255
255
255
255
255
255
255
255
255
255
255
255
255
255
255
255
3
0
123
186
215
243
251
207
41
0
116
255
255
255
255
255
255
255
255
255
255
255
255
255
255
255
255
255
6
0
0
9
47
81
92
61
0
4
226
255
255
255
255
255
255
255
255
255
255
255
255
255
255
255
255
255
159
18
3
0
0
0
0
0
0
155
255
255
255
255
255
255
255
255
255
255
255
255
255
255
255
255
255
255
255
255
241
186
128
83
77
81
155
254
255
255
255
255
255
255
255
255
255
255
255
255
255
255
255
255
255
255
255
255
255
255
255
255
255
255
255
255
255
255
255
255
255
255
255
255
255
255
255
255
255
255
255
255
255
255
255
255
255
255
255
255
255
255
255
255
255
255
255
255
255
255
255
255
255
255
255
255
255
255
255
255
255
255
255
255
255
255
255
255
255
255
255
255
255
255
255
255
255
255
255
255
255
255
255
255
255
255
255
255
255
255
255
255
255
255
255
255
255
255
255
255
255
255
255
255
255
255
255
255
255
255
255
255
255
255
255
255
255
255
255
255
255
255
255
255
255
255
255
255
255
255
255
255
255
255
255
255
255
255
255
255
255
255
255
255
255
255
255
255
255
255
255
255
255
255
255
255
255
255
255
255
255
255
255
255
255
255
255
255
255
255
255
255
255
255
255
255
255
255
255
255
255
255
255
255
255
255
255
255
255
255
255
255
255
255
255
255
255
255
255
255
255
255
255
255
255
255
255
255
255
255
255
255
255
255
255
255
255
255
255
255
255
255
255
255
255
255
255
255
255
255
255
255
255
255
255
255
255
255
255
255
255
255
255
255
255
255
255
255
255
255
255
255
255
255
255
255
255
255
255
255
255
255
255
255
255
255
255
255
255
255
255
255
255
255
255
255
255
255
255
255
255
255
255
255
255
255
255
255
255
255
255
255
255
255
255
255
255
255
255
255
255
255
255
255
255
255
255
255
255
255
255
255
255
255
255
255
255
224
125
120
79
67
62
89
61
67
57
84
125
155
225
255
255
255
255
255
255
255
255
255
255
255
255
255
255
49
0
0
0
0
0
0
0
0
0
0
0
0
73
255
255
255
255
255
255
255
255
255
255
255
255
255
255
176
73
86
127
153
150
166
150
153
134
0
0
0
80
255
255
255
255
255
255
255
255
255
255
255
255
255
255
255
255
255
255
255
255
255
251
190
11
1
12
69
235
255
255
255
255
255
255
255
255
255
255
255
255
255
255
255
255
255
255
255
255
255
194
31
0
49
186
252
255
255
255
255
255
255
255
255
255
255
255
255
255
255
255
255
255
255
255
255
255
250
56
0
42
213
254
255
255
255
255
255
255
255
255
255
255
255
255
255
255
255
255
255
255
255
255
255
254
146
0
27
239
255
255
255
255
255
255
255
255
255
255
255
255
255
255
255
255
255
255
255
255
255
255
255
188
3
8
150
253
255
255
255
255
255
255
255
255
255
255
255
255
255
255
255
255
255
255
255
255
255
255
255
91
0
62
232
255
255
255
255
255
255
255
255
255
255
255
255
255
255
255
255
255
255
255
255
255
255
255
233
65
0
93
255
255
255
255
255
255
255
255
255
255
255
255
255
255
255
255
255
255
255
255
255
255
255
254
121
0
3
230
255
255
255
255
255
255
255
255
255
255
255
255
255
255
255
255
255
255
255
255
255
255
255
169
8
0
160
255
255
255
255
255
255
255
255
255
255
255
255
255
255
255
255
255
255
255
255
255
255
255
122
2
0
55
251
255
255
255
255
255
255
255
255
255
255
255
255
255
255
255
255
255
255
255
255
255
255
212
42
0
40
198
255
255
255
255
255
255
255
255
255
255
255
255
255
255
255
255
255
255
255
255
255
255
255
201
35
7
196
255
255
255
255
255
255
255
255
255
255
255
255
255
255
255
255
255
255
255
255
255
255
255
255
253
244
242
254
255
255
255
255
255
255
255
255
255
255
255
255
255
255
255
255
255
255
255
255
255
255
255
255
255
255
255
255
255
255
255
255
255
255
255
255
255
255
255
255
255
255
255
255
255
255
255
255
255
255
255
255
255
255
255
255
255
255
255
255
255
255
255
255
255
255
255
255
255
255
255
255
255
255
255
255
255
255
255
255
255
255
255
255
255
255
255
255
255
255
255
255
255
255
255
255
255
255
255
255
255
255
255
255
255
255
255
255
255
255
255
255
255
255
255
255
255
255
255
255
255
255
255
255
255
255
255
255
255
255
255
255
255
255
255
255
255
255
255
255
255
255
255
255
255
255
255
255
255
255
255
255
255
255
255
255
255
255
255
255
255
255
255
255
255
255
255
255
255
255
255
255
255
255
255
255
255
255
255
255
255
255
255
255
255
255
255
255
255
255
255
255
255
255
255
255
255
255
255
255
255
255
255
255
255
255
255
255
255
255
255
255
255
255
255
255
255
255
255
255
255
255
255
255
255
255
255
255
255
255
255
255
255
255
255
255
255
255
255
255
255
255
255
255
255
255
255
255
255
255
255
255
255
255
255
255
255
255
255
255
255
255
255
255
255
255
255
255
255
255
255
255
255
255
255
255
255
255
255
255
255
255
255
255
255
255
255
255
255
255
255
255
255
255
255
255
255
255
255
255
255
255
255
255
255
255
255
255
255
255
255
255
255
255
255
255
255
255
255
255
255
255
255
255
255
255
255
255
255
255
255
255
255
255
255
255
255
255
255
255
255
255
255
255
255
255
255
255
255
255
255
255
255
255
255
255
248
217
135
58
26
14
22
38
59
74
178
255
255
255
255
255
255
255
255
255
255
255
255
255
255
255
255
205
112
25
0
0
0
0
0
0
0
0
80
255
255
255
255
255
255
255
255
255
255
255
255
255
255
255
232
68
1
0
31
123
161
175
167
132
24
0
79
255
255
255
255
255
255
255
255
255
255
255
255
255
255
255
184
23
5
117
240
255
255
255
255
158
1
0
79
255
255
255
255
255
255
255
255
255
255
255
255
255
255
255
178
19
12
189
255
255
255
255
245
14
0
0
83
255
255
255
255
255
255
255
255
255
255
255
255
255
255
255
195
28
9
169
255
255
255
255
112
0
0
0
173
255
255
255
255
255
255
255
255
255
255
255
255
255
255
255
214
38
5
137
244
247
253
248
6
0
0
2
252
255
255
255
255
255
255
255
255
255
255
255
255
255
255
255
241
59
0
11
26
66
137
78
0
0
0
14
255
255
255
255
255
255
255
255
255
255
255
255
255
255
255
255
255
167
1
0
0
0
0
0
0
0
0
59
255
255
255
255
255
255
255
255
255
255
255
255
255
255
255
255
255
255
244
205
188
66
4
4
103
109
0
105
255
255
255
255
255
255
255
255
255
255
255
255
255
255
255
255
255
255
255
255
255
255
254
254
253
93
0
80
255
255
255
255
255
255
255
255
255
255
255
255
255
255
255
255
255
255
255
255
255
255
255
255
253
89
0
75
255
255
255
255
255
255
255
255
255
255
255
255
255
255
255
255
255
255
255
255
255
255
255
255
253
93
0
80
255
255
255
255
255
255
255
255
255
255
255
255
255
255
255
255
255
255
255
255
255
255
255
255
253
90
0
75
255
255
255
255
255
255
255
255
255
255
255
255
255
255
255
255
255
255
255
255
255
255
255
255
253
88
0
74
255
255
255
255
255
255
255
255
255
255
255
255
255
255
255
255
255
255
255
255
255
255
255
255
253
84
0
73
255
255
255
255
255
255
255
255
255
255
255
255
255
255
255
255
255
255
255
255
255
255
255
255
252
44
0
116
255
255
255
255
255
255
255
255
255
255
255
255
255
255
255
255
255
255
255
255
255
255
255
255
254
148
86
230
255
255
255
255
255
255
255
255
255
255
255
255
255
255
255
255
255
255
255
255
255
255
255
255
255
251
245
255
255
255
255
255
255
255
255
255
255
255
255
255
255
255
255
255
255
255
255
255
255
255
255
255
255
255
255
255
255
255
255
255
255
255
255
255
255
255
255
255
255
255
255
255
255
255
255
255
255
255
255
255
255
255
255
255
255
255
255
255
255
255
255
255
255
255
255
255
255
255
255
255
255
255
255
255
255
255
255
255
255
255
255
255
255
255
255
255
255
255
255
255
255
255
255
255
255
255
255
255
255
255
255
255
255
255
255
255
255
255
255
255
255
255
255
255
255
255
255
255
255
255
255
255
255
255
255
255
255
255
255
255
255
255
255
255
255
255
255
255
255
255
255
255
255
255
255
255
255
255
255
255
255
255
255
255
255
255
255
255
255
255
255
255
255
255
255
255
255
255
255
255
255
255
255
255
255
255
255
255
255
255
255
255
255
255
255
255
255
255
255
255
255
255
255
255
255
255
255
255
255
255
255
255
255
255
255
255
255
255
255
255
255
255
255
255
255
255
255
255
255
255
255
255
255
255
255
255
255
255
255
255
255
255
255
255
255
255
255
255
255
255
255
255
255
255
255
255
255
255
255
255
255
255
255
255
255
255
255
255
255
255
255
255
255
255
255
255
255
255
255
255
255
234
159
73
33
33
32
33
185
255
255
255
255
255
255
255
255
255
255
255
255
255
255
255
255
255
255
249
181
54
1
0
0
0
0
0
89
255
255
255
255
255
255
255
255
255
255
255
255
255
255
255
255
255
255
178
25
0
14
106
157
143
38
0
52
220
255
255
255
255
255
255
255
255
255
255
255
255
255
255
255
255
243
69
0
20
192
254
255
255
99
0
17
180
255
255
255
255
255
255
255
255
255
255
255
255
255
255
255
255
237
26
0
186
255
255
255
255
188
3
18
180
255
255
255
255
255
255
255
255
255
255
255
255
255
255
255
255
234
7
0
237
255
255
255
255
161
2
22
186
255
255
255
255
255
255
255
255
255
255
255
255
255
255
255
255
182
0
1
242
254
255
255
252
86
0
49
219
255
255
255
255
255
255
255
255
255
255
255
255
255
255
255
255
157
0
1
55
162
233
251
123
12
0
100
255
255
255
255
255
255
255
255
255
255
255
255
255
255
255
255
255
220
42
0
0
8
63
80
3
0
4
216
255
255
255
255
255
255
255
255
255
255
255
255
255
255
255
255
255
255
252
236
60
2
0
0
0
55
163
252
255
255
255
255
255
255
255
255
255
255
255
255
255
255
255
255
255
255
255
255
252
119
1
0
0
0
0
91
255
255
255
255
255
255
255
255
255
255
255
255
255
255
255
255
255
255
255
255
151
31
0
9
90
9
0
80
255
255
255
255
255
255
255
255
255
255
255
255
255
255
255
255
255
255
254
120
2
0
11
246
253
85
0
20
183
255
255
255
255
255
255
255
255
255
255
255
255
255
255
255
255
254
166
13
1
49
206
255
255
167
3
2
135
253
255
255
255
255
255
255
255
255
255
255
255
255
255
255
255
252
128
0
10
208
255
255
255
255
103
0
36
244
255
255
255
255
255
255
255
255
255
255
255
255
255
255
255
251
126
0
19
255
255
255
255
255
243
0
6
242
255
255
255
255
255
255
255
255
255
255
255
255
255
255
255
251
124
0
14
253
255
255
255
255
252
10
0
171
255
255
255
255
255
255
255
255
255
255
255
255
255
255
255
253
138
0
9
203
255
255
255
255
236
34
0
121
255
255
255
255
255
255
255
255
255
255
255
255
255
255
255
255
169
13
1
95
250
255
233
141
22
3
1
201
255
255
255
255
255
255
255
255
255
255
255
255
255
255
255
255
255
113
0
5
30
36
0
0
0
22
92
248
255
255
255
255
255
255
255
255
255
255
255
255
255
255
255
255
255
230
68
2
0
0
5
31
109
182
243
255
255
255
255
255
255
255
255
255
255
255
255
255
255
255
255
255
255
255
236
179
155
157
207
229
248
255
255
255
255
255
255
255
255
255
255
255
255
255
255
255
255
255
255
255
255
255
255
255
255
255
255
255
255
255
255
255
255
255
255
255
255
255
255
255
255
255
255
255
255
255
255
255
255
255
255
255
255
255
255
255
255
255
255
255
255
255
255
255
255
255
255
255
255
255
255
255
255
255
255
255
255
255
255
255
255
255
255
255
255
255
255
255
255
255
255
255
255
255
255
255
255
