255
255
255
255
255
255
255
255
255
255
255
255
255
255
255
255
255
255
255
255
255
255
255
255
255
255
255
255
255
255
255
255
255
255
255
255
255
255
255
255
255
255
255
255
255
255
255
255
255
255
255
255
255
255
255
255
255
255
255
255
255
255
255
255
255
255
254
233
233
255
255
255
255
255
255
255
255
255
255
255
255
255
255
255
255
255
255
255
255
255
255
252
229
138
37
1
0
36
118
212
239
255
255
255
255
255
255
255
255
255
255
255
255
255
255
255
255
255
255
199
39
0
0
0
0
0
0
1
100
251
255
255
255
255
255
255
255
255
255
255
255
255
255
255
255
255
252
134
2
5
115
183
183
125
22
0
76
251
255
255
255
255
255
255
255
255
255
255
255
255
255
255
255
255
247
94
0
51
252
255
255
213
44
0
113
255
255
255
255
255
255
255
255
255
255
255
255
255
255
255
255
255
249
112
0
11
138
170
198
122
5
0
186
255
255
255
255
255
255
255
255
255
255
255
255
255
255
255
255
255
254
206
42
0
4
13
31
12
0
31
251
255
255
255
255
255
255
255
255
255
255
255
255
255
255
255
255
255
255
255
230
16
0
0
0
0
0
20
248
255
255
255
255
255
255
255
255
255
255
255
255
255
255
255
255
255
255
223
64
0
0
29
85
80
19
0
76
229
255
255
255
255
255
255
255
255
255
255
255
255
255
255
255
255
252
139
4
4
111
199
247
243
112
1
6
150
254
255
255
255
255
255
255
255
255
255
255
255
255
255
255
255
240
45
0
65
254
255
255
255
254
39
0
13
241
255
255
255
255
255
255
255
255
255
255
255
255
255
255
255
220
5
0
215
255
255
255
255
255
248
24
0
121
255
255
255
255
255
255
255
255
255
255
255
255
255
255
255
199
0
0
124
249
252
252
237
184
160
24
0
97
255
255
255
255
255
255
255
255
255
255
255
255
255
255
255
236
21
0
1
5
5
5
4
3
2
0
5
230
255
255
255
255
255
255
255
255
255
255
255
255
255
255
255
255
195
73
11
4
4
4
7
18
26
59
187
255
255
255
255
255
255
255
255
255
255
255
255
255
255
255
255
255
255
239
172
164
164
164
167
181
191
229
255
255
255
255
255
255
255
255
255
255
255
255
255
255
255
255
255
255
255
255
255
255
255
255
255
255
255
255
255
255
255
255
255
255
255
255
255
255
255
255
255
255
255
255
255
255
255
255
255
255
255
255
255
255
255
255
255
255
255
255
255
255
255
255
255
255
255
255
255
255
255
255
255
255
255
255
255
255
255
255
255
255
255
255
255
255
255
255
255
255
255
255
255
255
255
255
255
255
255
255
255
255
255
255
255
255
255
255
255
255
255
255
255
255
255
255
255
255
255
255
255
255
255
255
255
255
255
255
255
255
255
255
255
255
255
255
255
255
255
255
255
255
255
255
255
255
255
255
255
255
255
255
255
255
255
255
255
255
255
255
255
255
255
255
255
255
255
255
255
255
255
255
255
255
255
255
255
255
255
255
255
255
255
255
255
255
255
255
255
255
255
255
255
255
255
255
255
255
255
255
255
255
255
255
255
255
255
255
255
255
255
255
255
255
255
255
255
255
255
255
255
255
255
255
255
255
255
255
255
255
255
255
255
255
255
255
255
255
255
255
255
255
255
255
255
255
255
255
255
255
255
255
255
255
255
255
255
255
255
255
255
255
255
255
255
255
255
255
255
255
255
255
255
255
255
255
255
255
255
255
255
255
255
255
255
255
255
255
255
255
255
255
255
255
255
255
255
255
255
255
255
255
255
255
255
255
255
255
255
255
255
255
255
255
255
255
255
255
255
255
255
255
255
255
255
255
255
255
255
255
255
255
255
255
255
255
255
255
255
255
255
255
255
255
255
255
255
255
255
255
255
255
255
255
255
255
255
255
255
255
255
255
255
255
255
255
255
255
255
255
255
255
255
255
255
255
255
255
255
247
240
241
246
251
255
255
255
255
255
255
255
255
255
255
255
255
255
255
255
255
255
255
255
255
255
255
241
112
73
78
100
121
140
144
147
151
151
151
162
173
184
251
255
255
255
255
255
255
255
255
255
255
255
255
226
10
0
0
0
0
0
1
3
5
5
5
11
17
22
148
255
255
255
255
255
255
255
255
255
255
255
255
242
93
76
104
68
30
21
20
20
19
19
19
6
0
0
112
255
255
255
255
255
255
255
255
255
255
255
255
255
255
255
255
255
255
250
245
242
238
237
227
45
0
11
216
255
255
255
255
255
255
255
255
255
255
255
255
255
255
255
255
255
255
255
255
255
255
255
133
1
5
125
251
255
255
255
255
255
255
255
255
255
255
255
255
255
255
255
255
255
255
255
255
255
255
194
25
0
78
250
255
255
255
255
255
255
255
255
255
255
255
255
255
255
255
255
255
255
255
255
255
255
255
155
0
3
192
255
255
255
255
255
255
255
255
255
255
255
255
255
255
255
255
255
255
255
255
255
255
255
252
44
0
48
255
255
255
255
255
255
255
255
255
255
255
255
255
255
255
255
255
255
255
255
255
255
255
253
15
0
1
241
255
255
255
255
255
255
255
255
255
255
255
255
255
255
255
255
255
255
255
255
255
255
255
96
0
0
81
252
255
255
255
255
255
255
255
255
255
255
255
255
255
255
255
255
255
255
255
255
255
255
247
72
0
57
225
255
255
255
255
255
255
255
255
255
255
255
255
255
255
255
255
255
255
255
255
255
255
255
225
53
0
88
255
255
255
255
255
255
255
255
255
255
255
255
255
255
255
255
255
255
255
255
255
255
255
255
175
16
2
154
255
255
255
255
255
255
255
255
255
255
255
255
255
255
255
255
255
255
255
255
255
255
255
248
68
0
9
241
255
255
255
255
255
255
255
255
255
255
255
255
255
255
255
255
255
255
255
255
255
255
255
236
5
0
208
255
255
255
255
255
255
255
255
255
255
255
255
255
255
255
255
255
255
255
255
255
255
255
255
104
0
31
254
255
255
255
255
255
255
255
255
255
255
255
255
255
255
255
255
255
255
255
255
255
255
255
247
21
0
134
255
255
255
255
255
255
255
255
255
255
255
255
255
255
255
255
255
255
255
255
255
255
255
255
142
1
5
178
255
255
255
255
255
255
255
255
255
255
255
255
255
255
255
255
255
255
255
255
255
255
255
243
65
0
74
236
255
255
255
255
255
255
255
255
255
255
255
255
255
255
255
255
255
255
255
255
255
255
255
243
93
31
167
254
255
255
255
255
255
255
255
255
255
255
255
255
255
255
255
255
255
255
255
255
255
255
255
255
239
229
251
255
255
255
255
255
255
255
255
255
255
255
255
255
255
255
255
255
255
255
255
255
255
255
255
255
255
255
255
255
255
255
255
255
255
255
255
255
255
255
255
255
255
255
255
255
255
255
255
255
255
255
255
255
255
255
255
255
255
255
255
255
255
255
255
255
255
255
255
255
255
255
255
255
255
255
255
255
255
255
255
255
255
255
255
255
255
255
255
255
255
255
255
255
255
255
255
255
255
255
255
255
255
255
255
255
255
255
255
255
255
255
255
255
255
255
255
255
255
255
255
255
255
255
255
255
255
255
255
255
255
255
255
255
255
255
253
213
161
146
147
165
213
255
255
255
255
255
255
255
255
255
255
255
255
255
255
255
255
255
255
255
255
207
80
34
12
6
6
14
34
147
255
255
255
255
255
255
255
255
255
255
255
255
255
255
255
255
255
255
255
82
0
3
17
25
25
14
0
20
182
255
255
255
255
255
255
255
255
255
255
255
255
255
255
255
255
255
255
75
0
55
190
230
226
178
23
0
64
252
255
255
255
255
255
255
255
255
255
255
255
255
255
255
255
255
255
147
10
152
253
255
255
255
198
1
3
250
255
255
255
255
255
255
255
255
255
255
255
255
255
255
255
255
255
255
255
255
255
255
255
255
244
1
3
250
255
255
255
255
255
255
255
255
255
255
255
255
255
255
255
255
255
255
255
255
255
255
255
255
112
0
28
251
255
255
255
255
255
255
255
255
255
255
255
255
255
255
255
255
255
255
255
255
255
255
255
225
11
0
133
254
255
255
255
255
255
255
255
255
255
255
255
255
255
255
255
255
255
255
255
250
244
243
162
14
0
1
169
255
255
255
255
255
255
255
255
255
255
255
255
255
255
255
255
255
255
255
247
105
21
14
1
0
0
13
119
230
255
255
255
255
255
255
255
255
255
255
255
255
255
255
255
255
255
255
239
42
0
0
0
0
0
0
1
63
255
255
255
255
255
255
255
255
255
255
255
255
255
255
255
255
255
255
255
239
215
214
214
214
215
104
0
0
255
255
255
255
255
255
255
255
255
255
255
255
255
255
255
255
255
255
255
255
255
255
255
255
255
170
0
0
255
255
255
255
255
255
255
255
255
255
255
255
255
255
255
255
196
95
148
255
255
255
255
255
255
170
0
0
255
255
255
255
255
255
255
255
255
255
255
255
255
255
255
253
131
0
21
236
255
255
255
255
255
170
0
0
255
255
255
255
255
255
255
255
255
255
255
255
255
255
255
255
164
12
16
215
255
255
255
255
255
167
0
0
255
255
255
255
255
255
255
255
255
255
255
255
255
255
255
255
193
27
9
165
255
255
255
255
253
68
0
2
255
255
255
255
255
255
255
255
255
255
255
255
255
255
255
255
231
47
1
110
254
250
236
220
166
1
1
174
255
255
255
255
255
255
255
255
255
255
255
255
255
255
255
255
250
61
0
68
83
1
0
0
0
0
70
252
255
255
255
255
255
255
255
255
255
255
255
255
255
255
255
255
255
75
0
1
0
0
13
26
35
78
213
255
255
255
255
255
255
255
255
255
255
255
255
255
255
255
255
255
255
126
1
0
7
149
233
236
237
244
254
255
255
255
255
255
255
255
255
255
255
255
255
255
255
255
255
255
255
255
155
115
210
255
255
255
255
255
255
255
255
255
255
255
255
255
255
255
255
255
255
255
255
255
255
255
255
255
255
255
255
255
255
255
255
255
255
255
255
255
255
255
255
255
255
255
255
255
255
255
255
255
255
255
255
255
255
255
255
255
255
255
255
255
255
255
255
255
255
255
255
255
255
255
255
255
255
255
255
255
255
255
255
255
255
255
255
255
255
255
255
255
255
255
255
255
255
255
255
255
255
255
255
255
255
255
255
255
255
255
255
255
255
255
255
255
255
255
255
255
255
255
255
255
255
255
255
255
255
255
255
255
255
255
255
255
255
255
255
255
255
255
255
255
255
255
255
255
255
255
255
255
255
255
255
255
255
255
255
255
255
255
255
255
255
255
255
255
255
255
255
255
255
255
255
255
255
255
255
255
255
255
255
255
255
255
255
255
255
255
255
255
255
255
255
255
255
255
255
255
255
255
255
255
255
255
255
255
255
255
255
255
255
255
255
255
255
255
255
255
255
255
255
255
255
255
255
255
255
255
255
255
255
255
255
255
255
255
255
255
255
255
255
255
255
255
255
255
255
255
255
255
255
255
255
254
215
152
168
246
255
255
255
255
255
255
255
255
255
255
255
255
255
255
255
255
255
255
255
255
255
255
255
197
26
0
1
138
255
255
255
255
255
255
255
255
255
255
255
255
255
255
255
255
255
255
255
255
255
255
255
52
0
0
0
84
253
255
255
255
255
255
255
255
255
255
255
255
255
255
255
255
255
255
255
255
255
255
255
20
0
1
0
75
244
255
255
255
255
255
255
255
255
255
255
255
255
255
255
255
255
255
255
255
255
255
255
21
0
2
0
75
244
255
255
255
255
255
255
255
255
255
255
255
255
255
255
255
255
255
255
255
255
255
255
21
0
2
0
75
244
255
255
255
255
255
255
255
255
255
255
255
255
255
255
255
255
255
255
255
255
255
255
174
55
48
0
75
244
255
255
255
255
255
255
255
255
255
255
255
255
255
255
255
255
255
255
255
255
255
255
255
255
91
0
67
236
255
255
255
255
255
255
255
255
255
255
255
255
255
255
255
255
255
255
255
255
255
255
255
255
135
0
28
197
255
255
255
255
255
255
255
255
255
255
255
255
255
255
255
255
255
255
255
255
255
255
255
255
213
0
0
169
255
255
255
255
255
255
255
255
255
255
255
255
255
255
255
255
255
255
255
255
255
255
255
255
255
6
0
168
255
255
255
255
255
255
255
255
255
255
255
255
255
255
255
255
255
255
255
255
255
255
255
255
175
2
0
169
255
255
255
255
255
255
255
255
255
255
255
255
255
255
255
255
255
255
255
255
255
255
255
255
85
0
67
236
255
255
255
255
255
255
255
255
255
255
255
255
255
255
255
255
255
255
255
255
255
255
255
206
38
1
115
255
255
255
255
255
255
255
255
255
255
255
255
255
255
255
255
255
255
255
255
255
255
255
255
165
6
3
224
255
255
255
255
255
255
255
255
255
255
255
255
255
255
255
255
255
255
255
255
255
255
255
249
85
0
51
255
255
255
255
255
255
255
255
255
255
255
255
255
255
255
255
255
255
255
255
255
255
255
255
243
12
0
204
255
255
255
255
255
255
255
255
255
255
255
255
255
255
255
255
255
255
255
255
255
255
255
255
243
6
0
248
255
255
255
255
255
255
255
255
255
255
255
255
255
255
255
255
255
255
255
255
255
255
255
255
242
3
0
250
255
255
255
255
255
255
255
255
255
255
255
255
255
255
255
255
255
255
255
255
255
255
255
255
246
62
70
253
255
255
255
255
255
255
255
255
255
255
255
255
255
255
255
255
255
255
255
255
255
255
255
255
255
238
243
255
255
255
255
255
255
255
255
255
255
255
255
255
255
255
255
255
255
255
255
255
255
255
255
255
255
255
255
255
255
255
255
255
255
255
255
255
255
255
255
255
255
255
255
255
255
255
255
255
255
255
255
255
255
255
255
255
255
255
255
255
255
255
255
255
255
255
255
255
255
255
255
255
255
255
255
255
255
255
255
255
255
255
255
255
255
255
255
255
255
255
255
255
255
255
255
255
255
255
255
255
255
255
255
255
255
255
255
255
255
255
255
255
255
255
255
255
255
255
255
255
255
255
255
255
255
255
255
255
255
255
255
255
255
255
255
255
255
255
255
255
255
255
255
255
255
255
255
255
255
255
255
255
255
255
255
255
255
255
255
255
255
255
255
255
255
255
255
255
255
255
255
255
255
255
255
255
255
255
255
255
255
255
255
255
255
255
255
255
245
121
95
87
82
83
90
146
253
255
255
255
255
255
255
255
255
255
255
255
255
255
255
255
255
255
255
252
98
0
0
0
0
0
0
0
76
235
255
255
255
255
255
255
255
255
255
255
255
255
255
255
255
255
255
209
36
3
52
88
90
90
73
1
2
110
253
255
255
255
255
255
255
255
255
255
255
255
255
255
255
255
255
172
16
14
192
242
243
243
234
120
0
8
250
255
255
255
255
255
255
255
255
255
255
255
255
255
255
255
255
170
15
17
218
255
255
255
255
251
12
0
140
255
255
255
255
255
255
255
255
255
255
255
255
255
255
255
255
179
20
17
224
255
255
255
255
253
78
0
75
255
255
255
255
255
255
255
255
255
255
255
255
255
255
255
255
237
172
173
249
255
255
255
255
253
87
0
73
255
255
255
255
255
255
255
255
255
255
255
255
255
255
255
255
255
255
255
255
255
255
255
255
249
12
0
82
255
255
255
255
255
255
255
255
255
255
255
255
255
255
255
255
255
255
255
255
255
255
255
254
126
0
18
235
255
255
255
255
255
255
255
255
255
255
255
255
255
255
255
255
255
255
255
255
255
255
255
201
2
0
129
254
255
255
255
255
255
255
255
255
255
255
255
255
255
255
255
255
255
255
255
255
255
255
255
100
0
41
210
255
255
255
255
255
255
255
255
255
255
255
255
255
255
255
255
255
255
255
255
255
255
255
235
69
0
70
239
255
255
255
255
255
255
255
255
255
255
255
255
255
255
255
255
255
255
255
255
255
255
187
66
10
0
88
252
255
255
255
255
255
255
255
255
255
255
255
255
255
255
255
255
255
255
255
255
255
119
3
0
0
8
243
255
255
255
255
255
255
255
255
255
255
255
255
255
255
255
255
255
255
255
255
255
186
25
1
46
136
253
255
255
255
255
255
255
255
255
255
255
255
255
255
255
255
255
255
255
255
255
255
222
62
2
9
203
255
255
255
255
255
255
255
255
255
255
255
255
255
255
255
255
255
255
255
255
255
255
227
20
0
0
121
254
255
255
255
255
255
255
255
255
255
255
255
255
255
255
255
255
255
255
255
255
255
230
60
0
23
149
255
253
243
215
195
194
194
197
232
255
255
255
255
255
255
255
255
255
255
255
255
255
255
181
21
0
32
99
106
102
86
43
13
10
10
15
76
247
255
255
255
255
255
255
255
255
255
255
255
255
255
233
59
0
0
0
0
0
0
0
0
0
0
0
2
241
255
255
255
255
255
255
255
255
255
255
255
255
255
255
239
105
58
50
49
54
78
126
189
203
203
129
97
247
255
255
255
255
255
255
255
255
255
255
255
255
255
255
255
255
248
237
236
242
255
255
255
255
255
255
255
255
255
255
255
255
255
255
255
255
255
255
255
255
255
255
255
255
255
255
255
255
255
255
255
255
255
255
255
255
255
255
255
255
255
255
255
255
255
255
255
255
255
255
255
255
255
255
255
255
255
255
255
255
255
255
255
255
255
255
255
255
255
255
255
255
255
255
255
255
255
255
255
255
255
255
255
255
255
255
255
255
255
255
255
255
255
255
255
255
255
255
255
255
255
255
255
255
255
255
255
255
255
255
255
255
255
255
255
255
255
255
255
255
255
255
255
255
255
255
255
255
255
